nodes=[ 
0.00000000e+00 0.00000000e+00 ; 
8.00000000e+00 0.00000000e+00 ; 
8.00000000e+00 4.00000000e+00 ; 
0.00000000e+00 4.00000000e+00 ; 
2.50000000e+00 1.00000000e+00 ; 
2.00000000e+00 1.50000000e+00 ; 
1.50000000e+00 1.00000000e+00 ; 
2.00000000e+00 5.00000000e-01 ; 
2.50000000e+00 3.00000000e+00 ; 
2.00000000e+00 3.50000000e+00 ; 
1.50000000e+00 3.00000000e+00 ; 
2.00000000e+00 2.50000000e+00 ; 
6.50000000e+00 1.00000000e+00 ; 
6.00000000e+00 1.50000000e+00 ; 
5.50000000e+00 1.00000000e+00 ; 
6.00000000e+00 5.00000000e-01 ; 
6.50000000e+00 3.00000000e+00 ; 
6.00000000e+00 3.50000000e+00 ; 
5.50000000e+00 3.00000000e+00 ; 
6.00000000e+00 2.50000000e+00 ; 
4.29760009e-01 0.00000000e+00 ; 
8.59520018e-01 0.00000000e+00 ; 
1.30299997e+00 0.00000000e+00 ; 
1.73280001e+00 0.00000000e+00 ; 
2.11599994e+00 0.00000000e+00 ; 
2.49149990e+00 0.00000000e+00 ; 
2.90610003e+00 0.00000000e+00 ; 
3.33570004e+00 0.00000000e+00 ; 
3.77830005e+00 0.00000000e+00 ; 
4.22189999e+00 0.00000000e+00 ; 
4.66520023e+00 0.00000000e+00 ; 
5.09480000e+00 0.00000000e+00 ; 
5.50850010e+00 0.00000000e+00 ; 
5.88399982e+00 0.00000000e+00 ; 
6.26719999e+00 0.00000000e+00 ; 
6.69700003e+00 0.00000000e+00 ; 
7.14050007e+00 0.00000000e+00 ; 
7.57019997e+00 0.00000000e+00 ; 
8.00000000e+00 4.29760009e-01 ; 
8.00000000e+00 8.59520018e-01 ; 
8.00000000e+00 1.30299997e+00 ; 
8.00000000e+00 1.80809999e+00 ; 
8.00000000e+00 2.25259995e+00 ; 
8.00000000e+00 2.69700003e+00 ; 
8.00000000e+00 3.14050007e+00 ; 
8.00000000e+00 3.57019997e+00 ; 
7.57019997e+00 4.00000000e+00 ; 
7.14050007e+00 4.00000000e+00 ; 
6.69700003e+00 4.00000000e+00 ; 
6.26719999e+00 4.00000000e+00 ; 
5.88399982e+00 4.00000000e+00 ; 
5.50850010e+00 4.00000000e+00 ; 
5.09390020e+00 4.00000000e+00 ; 
4.66429996e+00 4.00000000e+00 ; 
4.22170019e+00 4.00000000e+00 ; 
3.77810001e+00 4.00000000e+00 ; 
3.33480000e+00 4.00000000e+00 ; 
2.90520000e+00 4.00000000e+00 ; 
2.49149990e+00 4.00000000e+00 ; 
2.11599994e+00 4.00000000e+00 ; 
1.73280001e+00 4.00000000e+00 ; 
1.30299997e+00 4.00000000e+00 ; 
8.59520018e-01 4.00000000e+00 ; 
4.29760009e-01 4.00000000e+00 ; 
0.00000000e+00 3.57019997e+00 ; 
0.00000000e+00 3.14050007e+00 ; 
0.00000000e+00 2.69700003e+00 ; 
0.00000000e+00 2.19190001e+00 ; 
0.00000000e+00 1.74740005e+00 ; 
0.00000000e+00 1.30299997e+00 ; 
0.00000000e+00 8.59520018e-01 ; 
0.00000000e+00 4.29760009e-01 ; 
2.48359990e+00 1.12689996e+00 ; 
2.44639993e+00 1.22529995e+00 ; 
2.40389991e+00 1.29480004e+00 ; 
2.33660007e+00 1.36969995e+00 ; 
2.24740005e+00 1.43449998e+00 ; 
2.12689996e+00 1.48360002e+00 ; 
1.87310004e+00 1.48360002e+00 ; 
1.77470005e+00 1.44640005e+00 ; 
1.70519996e+00 1.40390003e+00 ; 
1.63030005e+00 1.33659995e+00 ; 
1.56550002e+00 1.24740005e+00 ; 
1.51639998e+00 1.12689996e+00 ; 
1.51639998e+00 8.73120010e-01 ; 
1.55359995e+00 7.74710000e-01 ; 
1.59609997e+00 7.05250025e-01 ; 
1.66340005e+00 6.30259991e-01 ; 
1.75259995e+00 5.65500021e-01 ; 
1.87310004e+00 5.16369998e-01 ; 
2.12689996e+00 5.16369998e-01 ; 
2.22530007e+00 5.53629994e-01 ; 
2.29480004e+00 5.96120000e-01 ; 
2.36969995e+00 6.63410008e-01 ; 
2.43449998e+00 7.52600014e-01 ; 
2.48359990e+00 8.73120010e-01 ; 
2.48359990e+00 3.12689996e+00 ; 
2.44639993e+00 3.22530007e+00 ; 
2.40389991e+00 3.29480004e+00 ; 
2.33660007e+00 3.36969995e+00 ; 
2.24740005e+00 3.43449998e+00 ; 
2.12689996e+00 3.48359990e+00 ; 
1.87310004e+00 3.48359990e+00 ; 
1.77470005e+00 3.44639993e+00 ; 
1.70519996e+00 3.40389991e+00 ; 
1.63030005e+00 3.33660007e+00 ; 
1.56550002e+00 3.24740005e+00 ; 
1.51639998e+00 3.12689996e+00 ; 
1.51639998e+00 2.87310004e+00 ; 
1.55359995e+00 2.77469993e+00 ; 
1.59609997e+00 2.70519996e+00 ; 
1.66340005e+00 2.63030005e+00 ; 
1.75259995e+00 2.56550002e+00 ; 
1.87310004e+00 2.51640010e+00 ; 
2.12689996e+00 2.51640010e+00 ; 
2.22530007e+00 2.55360007e+00 ; 
2.29480004e+00 2.59610009e+00 ; 
2.36969995e+00 2.66339993e+00 ; 
2.43449998e+00 2.75259995e+00 ; 
2.48359990e+00 2.87310004e+00 ; 
6.48360014e+00 1.12689996e+00 ; 
6.44640017e+00 1.22529995e+00 ; 
6.40390015e+00 1.29480004e+00 ; 
6.33659983e+00 1.36969995e+00 ; 
6.24739981e+00 1.43449998e+00 ; 
6.12690020e+00 1.48360002e+00 ; 
5.87309980e+00 1.48360002e+00 ; 
5.77470016e+00 1.44640005e+00 ; 
5.70520020e+00 1.40390003e+00 ; 
5.63030005e+00 1.33659995e+00 ; 
5.56549978e+00 1.24740005e+00 ; 
5.51639986e+00 1.12689996e+00 ; 
5.51639986e+00 8.73120010e-01 ; 
5.55359983e+00 7.74710000e-01 ; 
5.59609985e+00 7.05250025e-01 ; 
5.66340017e+00 6.30259991e-01 ; 
5.75260019e+00 5.65500021e-01 ; 
5.87309980e+00 5.16369998e-01 ; 
6.12690020e+00 5.16369998e-01 ; 
6.22529984e+00 5.53629994e-01 ; 
6.29479980e+00 5.96120000e-01 ; 
6.36969995e+00 6.63410008e-01 ; 
6.43450022e+00 7.52600014e-01 ; 
6.48360014e+00 8.73120010e-01 ; 
6.48360014e+00 3.12689996e+00 ; 
6.44640017e+00 3.22530007e+00 ; 
6.40390015e+00 3.29480004e+00 ; 
6.33659983e+00 3.36969995e+00 ; 
6.24739981e+00 3.43449998e+00 ; 
6.12690020e+00 3.48359990e+00 ; 
5.87309980e+00 3.48359990e+00 ; 
5.77470016e+00 3.44639993e+00 ; 
5.70520020e+00 3.40389991e+00 ; 
5.63030005e+00 3.33660007e+00 ; 
5.56549978e+00 3.24740005e+00 ; 
5.51639986e+00 3.12689996e+00 ; 
5.51639986e+00 2.87310004e+00 ; 
5.55359983e+00 2.77469993e+00 ; 
5.59609985e+00 2.70519996e+00 ; 
5.66340017e+00 2.63030005e+00 ; 
5.75260019e+00 2.56550002e+00 ; 
5.87309980e+00 2.51640010e+00 ; 
6.12690020e+00 2.51640010e+00 ; 
6.22529984e+00 2.55360007e+00 ; 
6.29479980e+00 2.59610009e+00 ; 
6.36969995e+00 2.66339993e+00 ; 
6.43450022e+00 2.75259995e+00 ; 
6.48360014e+00 2.87310004e+00 ; 
6.34229994e+00 2.44039989e+00 ; 
5.44040012e+00 2.65770006e+00 ; 
5.70529985e+00 3.57579994e+00 ; 
6.54309988e+00 3.33220005e+00 ; 
6.34229994e+00 4.40360010e-01 ; 
5.36199999e+00 8.18960011e-01 ; 
5.65770006e+00 1.55960000e+00 ; 
6.47039986e+00 1.28509998e+00 ; 
2.34229994e+00 2.44039989e+00 ; 
1.52069998e+00 2.70799994e+00 ; 
1.65769994e+00 3.55960011e+00 ; 
2.61859989e+00 3.19109988e+00 ; 
2.29469991e+00 4.24160004e-01 ; 
1.43710005e+00 7.31930017e-01 ; 
1.75279999e+00 1.54649997e+00 ; 
2.52309990e+00 1.33200002e+00 ; 
6.55520010e+00 2.54380012e+00 ; 
5.64580011e+00 2.43280005e+00 ; 
5.46729994e+00 3.40240002e+00 ; 
5.59119987e+00 3.47849989e+00 ; 
6.35020018e+00 3.51600003e+00 ; 
6.46210003e+00 3.45440006e+00 ; 
6.51770020e+00 6.03810012e-01 ; 
5.58099985e+00 4.33319986e-01 ; 
5.48960018e+00 5.88880002e-01 ; 
5.43310022e+00 1.38829994e+00 ; 
6.38710022e+00 1.52010000e+00 ; 
2.54920006e+00 2.64140010e+00 ; 
1.58260000e+00 2.42519999e+00 ; 
1.48130000e+00 3.39720011e+00 ; 
2.41989994e+00 3.56609988e+00 ; 
2.51370001e+00 3.39720011e+00 ; 
2.52099991e+00 6.00730002e-01 ; 
2.40650010e+00 5.22149980e-01 ; 
1.61640000e+00 4.71720010e-01 ; 
1.52810001e+00 6.23199999e-01 ; 
1.40300000e+00 8.64660025e-01 ; 
1.48629999e+00 1.40009999e+00 ; 
1.62380004e+00 1.50590003e+00 ; 
2.44689989e+00 1.56519997e+00 ; 
6.63129997e+00 2.95050001e+00 ; 
6.61749983e+00 2.76589990e+00 ; 
6.00110006e+00 2.33879995e+00 ; 
5.27320004e+00 2.88070011e+00 ; 
5.36520004e+00 3.19169998e+00 ; 
6.00909996e+00 3.66450000e+00 ; 
6.24949980e+00 3.62949991e+00 ; 
6.59579992e+00 3.07739997e+00 ; 
6.61670017e+00 9.44639981e-01 ; 
6.59660006e+00 7.66950011e-01 ; 
6.03380013e+00 3.34639996e-01 ; 
5.77220011e+00 3.08299989e-01 ; 
5.32100010e+00 1.10169995e+00 ; 
6.06309986e+00 1.64670002e+00 ; 
6.57950020e+00 1.12600005e+00 ; 
2.65170002e+00 2.92359996e+00 ; 
2.09509993e+00 2.26250005e+00 ; 
1.40830004e+00 2.88190007e+00 ; 
1.37629998e+00 3.07249999e+00 ; 
1.40100002e+00 3.24850011e+00 ; 
1.90869999e+00 3.71889997e+00 ; 
2.08010006e+00 3.68000007e+00 ; 
2.24869990e+00 3.69759989e+00 ; 
2.62739992e+00 9.34530020e-01 ; 
2.59549999e+00 7.60900021e-01 ; 
1.99090004e+00 3.35530013e-01 ; 
1.73930001e+00 3.63680005e-01 ; 
1.42920005e+00 9.65590000e-01 ; 
1.41770005e+00 1.08369994e+00 ; 
1.43439996e+00 1.22959995e+00 ; 
1.96770000e+00 1.66709995e+00 ; 
2.64380002e+00 1.14510000e+00 ; 
6.59840012e+00 3.20149994e+00 ; 
6.75740004e+00 3.10599995e+00 ; 
