nodes=[ 
0.00000000e+00 0.00000000e+00; 
5.00000000e+00 0.00000000e+00; 
5.00000000e+00 1.10000000e+00; 
4.95000000e+00 1.09685832e+00; 
4.90000000e+00 1.08763067e+00; 
4.85000000e+00 1.07289686e+00; 
4.80000000e+00 1.05358268e+00; 
4.75000000e+00 1.03090170e+00; 
4.70000000e+00 1.00627905e+00; 
4.65000000e+00 9.81261869e-01; 
4.60000000e+00 9.57422071e-01; 
4.55000000e+00 9.36257601e-01; 
4.50000000e+00 9.19098301e-01; 
4.45000000e+00 9.07022351e-01; 
4.40000000e+00 9.00788530e-01; 
4.35000000e+00 9.00788530e-01; 
4.30000000e+00 9.07022351e-01; 
4.25000000e+00 9.19098301e-01; 
4.20000000e+00 9.36257601e-01; 
4.15000000e+00 9.57422071e-01; 
4.10000000e+00 9.81261869e-01; 
4.05000000e+00 1.00627905e+00; 
4.00000000e+00 1.03090170e+00; 
3.95000000e+00 1.05358268e+00; 
3.90000000e+00 1.07289686e+00; 
3.85000000e+00 1.08763067e+00; 
3.80000000e+00 1.09685832e+00; 
3.75000000e+00 1.10000000e+00; 
3.70000000e+00 1.09685832e+00; 
3.65000000e+00 1.08763067e+00; 
3.60000000e+00 1.07289686e+00; 
3.55000000e+00 1.05358268e+00; 
3.50000000e+00 1.03090170e+00; 
3.45000000e+00 1.00627905e+00; 
3.40000000e+00 9.81261869e-01; 
3.35000000e+00 9.57422071e-01; 
3.30000000e+00 9.36257601e-01; 
3.25000000e+00 9.19098301e-01; 
3.20000000e+00 9.07022351e-01; 
3.15000000e+00 9.00788530e-01; 
3.10000000e+00 9.00788530e-01; 
3.05000000e+00 9.07022351e-01; 
3.00000000e+00 9.19098301e-01; 
2.95000000e+00 9.36257601e-01; 
2.90000000e+00 9.57422071e-01; 
2.85000000e+00 9.81261869e-01; 
2.80000000e+00 1.00627905e+00; 
2.75000000e+00 1.03090170e+00; 
2.70000000e+00 1.05358268e+00; 
2.65000000e+00 1.07289686e+00; 
2.60000000e+00 1.08763067e+00; 
2.55000000e+00 1.09685832e+00; 
2.50000000e+00 1.10000000e+00; 
2.45000000e+00 1.09685832e+00; 
2.40000000e+00 1.08763067e+00; 
2.35000000e+00 1.07289686e+00; 
2.30000000e+00 1.05358268e+00; 
2.25000000e+00 1.03090170e+00; 
2.20000000e+00 1.00627905e+00; 
2.15000000e+00 9.81261869e-01; 
2.10000000e+00 9.57422071e-01; 
2.05000000e+00 9.36257601e-01; 
2.00000000e+00 9.19098301e-01; 
1.95000000e+00 9.07022351e-01; 
1.90000000e+00 9.00788530e-01; 
1.85000000e+00 9.00788530e-01; 
1.80000000e+00 9.07022351e-01; 
1.75000000e+00 9.19098301e-01; 
1.70000000e+00 9.36257601e-01; 
1.65000000e+00 9.57422071e-01; 
1.60000000e+00 9.81261869e-01; 
1.55000000e+00 1.00627905e+00; 
1.50000000e+00 1.03090170e+00; 
1.45000000e+00 1.05358268e+00; 
1.40000000e+00 1.07289686e+00; 
1.35000000e+00 1.08763067e+00; 
1.30000000e+00 1.09685832e+00; 
1.25000000e+00 1.10000000e+00; 
1.20000000e+00 1.09685832e+00; 
1.15000000e+00 1.08763067e+00; 
1.10000000e+00 1.07289686e+00; 
1.05000000e+00 1.05358268e+00; 
1.00000000e+00 1.03090170e+00; 
9.50000000e-01 1.00627905e+00; 
9.00000000e-01 9.81261869e-01; 
8.50000000e-01 9.57422071e-01; 
8.00000000e-01 9.36257601e-01; 
7.50000000e-01 9.19098301e-01; 
7.00000000e-01 9.07022351e-01; 
6.50000000e-01 9.00788530e-01; 
6.00000000e-01 9.00788530e-01; 
5.50000000e-01 9.07022351e-01; 
5.00000000e-01 9.19098301e-01; 
4.50000000e-01 9.36257601e-01; 
4.00000000e-01 9.57422071e-01; 
3.50000000e-01 9.81261869e-01; 
3.00000000e-01 1.00627905e+00; 
2.50000000e-01 1.03090170e+00; 
2.00000000e-01 1.05358268e+00; 
1.50000000e-01 1.07289686e+00; 
1.00000000e-01 1.08763067e+00; 
5.00000000e-02 1.09685832e+00; 
0.00000000e+00 1.10000000e+00; 
1.00000000e-01 0.00000000e+00; 
0.00000000e+00 1.00000000e+00; 
5.00000000e+00 1.00000000e-01; 
4.90000000e+00 0.00000000e+00; 
0.00000000e+00 1.00000000e-01; 
5.00000000e+00 1.00000000e+00; 
2.00000000e-01 0.00000000e+00; 
0.00000000e+00 9.00000000e-01; 
5.00000000e+00 2.00000000e-01; 
4.80000000e+00 0.00000000e+00; 
0.00000000e+00 2.00000000e-01; 
5.00000000e+00 9.00000000e-01; 
3.00000000e-01 0.00000000e+00; 
0.00000000e+00 8.00000000e-01; 
5.00000000e+00 3.00000000e-01; 
4.70000000e+00 0.00000000e+00; 
0.00000000e+00 3.00000000e-01; 
5.00000000e+00 8.00000000e-01; 
4.00000000e-01 0.00000000e+00; 
0.00000000e+00 7.00000000e-01; 
5.00000000e+00 4.00000000e-01; 
4.60000000e+00 0.00000000e+00; 
0.00000000e+00 4.00000000e-01; 
5.00000000e+00 7.00000000e-01; 
5.00000000e-01 0.00000000e+00; 
0.00000000e+00 6.00000000e-01; 
5.00000000e+00 5.00000000e-01; 
4.50000000e+00 0.00000000e+00; 
0.00000000e+00 5.00000000e-01; 
5.00000000e+00 6.00000000e-01; 
6.00000000e-01 0.00000000e+00; 
4.40000000e+00 0.00000000e+00; 
7.00000000e-01 0.00000000e+00; 
4.30000000e+00 0.00000000e+00; 
8.00000000e-01 0.00000000e+00; 
4.20000000e+00 0.00000000e+00; 
9.00000000e-01 0.00000000e+00; 
4.10000000e+00 0.00000000e+00; 
1.00000000e+00 0.00000000e+00; 
4.00000000e+00 0.00000000e+00; 
1.10000000e+00 0.00000000e+00; 
3.90000000e+00 0.00000000e+00; 
1.20000000e+00 0.00000000e+00; 
3.80000000e+00 0.00000000e+00; 
1.30000000e+00 0.00000000e+00; 
3.70000000e+00 0.00000000e+00; 
1.40000000e+00 0.00000000e+00; 
3.60000000e+00 0.00000000e+00; 
1.50000000e+00 0.00000000e+00; 
3.50000000e+00 0.00000000e+00; 
1.60000000e+00 0.00000000e+00; 
3.40000000e+00 0.00000000e+00; 
1.70000000e+00 0.00000000e+00; 
3.30000000e+00 0.00000000e+00; 
1.80000000e+00 0.00000000e+00; 
3.20000000e+00 0.00000000e+00; 
1.90000000e+00 0.00000000e+00; 
3.10000000e+00 0.00000000e+00; 
2.00000000e+00 0.00000000e+00; 
3.00000000e+00 0.00000000e+00; 
2.10000000e+00 0.00000000e+00; 
2.90000000e+00 0.00000000e+00; 
2.20000000e+00 0.00000000e+00; 
2.80000000e+00 0.00000000e+00; 
2.30000000e+00 0.00000000e+00; 
2.70000000e+00 0.00000000e+00; 
2.40000000e+00 0.00000000e+00; 
2.60000000e+00 0.00000000e+00; 
2.50000000e+00 0.00000000e+00; 
1.06077586e+00 9.63374656e-01; 
1.43922414e+00 9.63374656e-01; 
3.56077586e+00 9.63374656e-01; 
3.93922414e+00 9.63374656e-01; 
2.68922414e+00 9.63374656e-01; 
2.31077586e+00 9.63374656e-01; 
4.43571434e+00 8.17968238e-01; 
5.64285656e-01 8.17968238e-01; 
1.25000000e+00 8.66025404e-02; 
3.75000000e+00 8.66025404e-02; 
2.55000000e+00 8.66025404e-02; 
2.45000000e+00 8.66025404e-02; 
3.65000000e+00 8.66025404e-02; 
1.15000000e+00 8.66025404e-02; 
1.35000000e+00 8.66025404e-02; 
3.85000000e+00 8.66025404e-02; 
2.35000000e+00 8.66025404e-02; 
2.65000000e+00 8.66025404e-02; 
3.55000000e+00 8.66025404e-02; 
1.05000000e+00 8.66025404e-02; 
1.45000000e+00 8.66025404e-02; 
3.95000000e+00 8.66025404e-02; 
2.25000000e+00 8.66025404e-02; 
2.75000000e+00 8.66025404e-02; 
4.05000000e+00 8.66025404e-02; 
3.45000000e+00 8.66025404e-02; 
9.50000000e-01 8.66025404e-02; 
1.55000000e+00 8.66025404e-02; 
2.15000000e+00 8.66025404e-02; 
2.85000000e+00 8.66025404e-02; 
4.15000000e+00 8.66025404e-02; 
3.35000000e+00 8.66025404e-02; 
8.50000000e-01 8.66025404e-02; 
1.65000000e+00 8.66025404e-02; 
2.05000000e+00 8.66025404e-02; 
2.95000000e+00 8.66025404e-02; 
4.25000000e+00 8.66025404e-02; 
7.50000000e-01 8.66025404e-02; 
3.25000000e+00 8.66025404e-02; 
1.75000000e+00 8.66025404e-02; 
4.45000000e+00 8.66025404e-02; 
1.95000000e+00 8.66025404e-02; 
5.50000000e-01 8.66025404e-02; 
3.05000000e+00 8.66025404e-02; 
4.50000000e-01 8.66025404e-02; 
8.66025404e-02 4.50000000e-01; 
4.91339746e+00 4.50000000e-01; 
4.55000000e+00 8.66025404e-02; 
4.35000000e+00 8.66025404e-02; 
6.50000000e-01 8.66025404e-02; 
1.85000000e+00 8.66025404e-02; 
3.15000000e+00 8.66025404e-02; 
4.91339746e+00 5.50000000e-01; 
8.66025404e-02 5.50000000e-01; 
3.50000000e-01 8.66025404e-02; 
8.66025404e-02 3.50000000e-01; 
4.91339746e+00 3.50000000e-01; 
4.65000000e+00 8.66025404e-02; 
4.91339746e+00 6.50000000e-01; 
8.66025404e-02 6.50000000e-01; 
8.66025404e-02 2.50000000e-01; 
2.50000000e-01 8.66025404e-02; 
4.91339746e+00 2.50000000e-01; 
4.75000000e+00 8.66025404e-02; 
4.91339746e+00 7.50000000e-01; 
8.66025404e-02 7.50000000e-01; 
8.66025404e-02 8.50000000e-01; 
4.91339746e+00 8.50000000e-01; 
1.50000000e-01 8.66025404e-02; 
4.91339746e+00 1.50000000e-01; 
3.30311141e+00 8.45764897e-01; 
4.19688859e+00 8.45764897e-01; 
8.03111414e-01 8.45764897e-01; 
1.69688859e+00 8.45764897e-01; 
2.05311141e+00 8.45764897e-01; 
2.94688859e+00 8.45764897e-01; 
2.50000000e+00 1.73205081e-01; 
